-1 0 0 0 0 0 0.615447777516 0.161736351123 0.855535500702 0.0893832059897 1
-1 0 0 0 1 0 0.43862394753 0.919247112228 0.266858087412 0.0375312946784 1
-1 0 0 0 0 1 0.111388746962 0.598505183972 0.0561936305667 0.371003600359 1
1 0 0 0 1 1 0.571702526201 0.569591017573 0.503994082578 0.0817869656301 1
1 0 1 0 0 0 0.680930110296 0.811242974124 0.730136332482 0.922398301523 1
1 0 1 0 1 0 0.388298964092 0.130472854546 0.0947299909874 0.484492916604 1
1 0 1 0 0 1 0.182872781169 0.173700393127 0.768308873994 0.912595046385 1
1 0 1 0 1 1 0.30507924439 0.52107657862 0.937309936853 0.22870630168 1
1 0 0 1 0 0 0.987546918749 0.00904120530518 0.469577815987 0.741712512508 1
1 0 0 1 1 0 0.914481417086 0.790149224873 0.0414424157125 0.18471861188 1
1 0 0 1 0 1 0.727269477717 0.424701514266 0.125689194678 0.642906083982 1
1 0 0 1 1 1 0.592131951033 0.0946583193178 0.760239583862 0.14365037339 1
-1 0 1 1 0 0 0.387830616536 0.465637572067 0.432415786007 0.968460788359 1
-1 0 1 1 1 0 0.650789187788 0.83494745776 0.423957820024 0.916380786838 1
-1 0 1 1 0 1 0.983336586632 0.67721032368 0.669149800776 0.012552604826 1
1 0 1 1 1 1 0.673557171746 0.830283866943 0.780441075444 0.425894706005 1
